t dt mgp.i mgp.nrelax mgpf.i mgpf.nrelax mgu.i mgu.nrelax grid->tn perf.t perf.speed npe perf.ispeed
0 1.12e-07 0 0 0 0 0 0 4096 0 0 1 0
1.12e-07 1.12e-07 1 4 1 4 1 4 1609 0.245965 6541.58 1 6541.58
3.13333e-07 2.01333e-07 1 4 1 4 1 4 1066 0.254169 10524.5 1 129937
6.15333e-07 3.02e-07 1 4 1 4 1 4 946 0.260401 13905.5 1 151797
1.00362e-06 3.88286e-07 1 4 1 4 1 4 946 0.265622 17193.6 1 181191
1.46956e-06 4.65943e-07 1 4 1 4 1 4 946 0.270842 20355 1 181226
1.9355e-06 4.65943e-07 1 4 1 4 1 4 946 0.275577 23438.1 1 199789
2.40145e-06 4.65943e-07 1 4 1 4 1 4 946 0.279393 26503.9 1 247904
2.86739e-06 4.65943e-07 1 4 1 4 1 4 946 0.283155 29492.7 1 251462
3.33333e-06 4.65943e-07 1 4 1 4 1 4 946 0.286904 32404.6 1 252334
4e-06 6.66667e-07 1 4 1 4 1 4 946 0.37182 27548.3 1 11140.4
4.11111e-05 1.11111e-06 1 4 1 4 1 4 946 1.45542 31737.2 1 11294.4
7.77778e-05 1.11111e-06 1 4 1 4 1 4 946 2.46061 31459.3 1 11233.3
0.000114444 1.11111e-06 1 4 1 4 1 4 922 3.46769 31231.1 1 11012.1
0.000151111 1.11111e-06 1 4 1 4 1 4 928 4.47318 31051.1 1 11062
0.000187778 1.11111e-06 1 4 1 4 1 4 913 5.49521 30797 1 10780.4
0.000224444 1.11111e-06 1 4 1 4 1 4 916 6.51073 30630.7 1 10659.3
0.000261111 1.11111e-06 1 4 1 4 1 4 916 7.52505 30518.9 1 10790.2
0.000297778 1.11111e-06 1 4 1 4 1 4 928 8.54036 30460.7 1 10913.4
0.000334444 1.11111e-06 1 4 1 4 1 4 928 9.55752 30423.1 1 10809.4
0.000371111 1.11111e-06 1 4 1 4 1 4 928 10.576 30388.9 1 10647
0.000407778 1.11111e-06 1 4 1 4 1 4 928 11.587 30380.4 1 11124.7
0.000444444 1.11111e-06 1 4 1 4 1 4 925 12.6099 30339.5 1 11046.1
0.000481111 1.11111e-06 1 4 1 4 1 4 925 13.6161 30339.4 1 10776.9
0.000517778 1.11111e-06 1 4 1 4 1 4 925 14.6361 30310.5 1 11018.3
0.000554444 1.11111e-06 1 4 1 4 1 4 928 15.6415 30318.5 1 11050
0.000591111 1.11111e-06 1 4 1 4 1 4 928 16.6462 30328.3 1 11013.7
0.000627778 1.11111e-06 1 4 1 4 1 4 928 17.6576 30325.5 1 11096.2
0.000664444 1.11111e-06 1 4 1 4 1 4 928 18.6665 30327.1 1 11111.2
0.000701111 1.11111e-06 1 4 1 4 1 4 928 19.6732 30331.8 1 11019
0.000737778 1.11111e-06 1 4 1 4 1 4 928 20.6785 30338.2 1 11058.3
0.000774444 1.11111e-06 1 4 1 4 1 4 928 21.6839 30343.8 1 11059.7
0.000811111 1.11111e-06 1 4 1 4 1 4 925 22.7025 30327.1 1 11025
0.000847778 1.11111e-06 1 4 1 4 1 4 925 23.7065 30330.2 1 11029.6
0.000884444 1.11111e-06 1 4 1 4 1 4 925 24.7104 30333.4 1 11016.9
0.000921111 1.11111e-06 1 4 1 4 1 4 928 25.7153 30337.7 1 11042.2
0.000957778 1.11111e-06 1 4 1 4 1 4 928 26.7205 30342.6 1 11039.9
0.000994444 1.11111e-06 1 4 1 4 1 4 928 27.7367 30335 1 10931.4
